  ID   i   j   k    SD_emb    T_BE       M_BE  FWHM_pc   xi_max contr_rho   peak_exc  contrast detect hole       rho_c    rho_edge     rho_emb      r0_AU   R_out_AU  R_cloud_AU      N_tot    a_BE  stab
   1   1   1   1  3.00e+21   8.309     0.0080   0.0030   1.5301     1.420  1.051e+21     1.350      1    0  2.5700e-17  1.8104e-17  4.0985e-20     247.93     379.36    11380.90 3.0923e+22    5.16   sub
   2   1   1   2  3.00e+21   9.787     0.0080   0.0049   1.0712     1.198  1.032e+21     1.344      1    0  6.0777e-18  5.0713e-18  2.6232e-20     553.31     592.72    17781.45 1.3912e+22   12.47   sub
   3   1   1   3  3.00e+21  11.402     0.0080   0.0080   0.7577     1.097  9.819e+20     1.327      1    0  1.3386e-18  1.2197e-18  1.6125e-20    1272.62     964.22    28926.57 7.0255e+21   31.97   sub
   4   1   1   4  3.00e+21  12.551     0.0080   0.0131   0.5703     1.055  8.795e+20     1.293      1    0  3.4030e-19  3.2263e-19  1.0296e-20    2648.12    1510.09    45302.80 4.6240e+21   71.78   sub
   5   1   2   1  3.00e+21   7.394     0.0189   0.0030   2.7924     2.602  2.468e+21     1.823      1    0  5.6479e-17  2.1710e-17  3.5292e-20     157.77     440.56    13216.89 6.1376e+22    1.68   sub
   6   1   2   2  3.00e+21   8.520     0.0189   0.0049   1.8701     1.647  2.423e+21     1.808      1    0  1.3836e-17  8.3993e-18  2.4299e-20     342.16     639.88    19196.41 2.7141e+22    3.34   sub
   7   1   2   3  3.00e+21  10.046     0.0189   0.0080   1.2819     1.288  2.308e+21     1.769      1    0  3.1806e-18  2.4685e-18  1.5652e-20     774.93     993.37    29801.09 1.2344e+22    7.88   sub
   8   1   2   4  3.00e+21  11.578     0.0189   0.0131   0.9128     1.143  2.041e+21     1.680      1    0  7.3439e-19  6.4269e-19  9.8385e-21    1731.27    1580.36    47410.72 6.5717e+21   19.11   sub
   9   1   2   5  3.00e+21  12.707     0.0189   0.0214   0.6780     1.078  1.539e+21     1.513      1    0  1.7504e-19  1.6240e-19  6.1723e-21    3715.15    2519.05    75571.57 4.3835e+21   43.71   sub
  10   1   2   6  3.00e+21  13.374     0.0189   0.0350   0.5114     1.044  8.494e+20     1.283      1    0  3.9043e-20  3.7399e-20  3.7670e-21    8070.21    4127.50   123824.88 3.5110e+21   98.37   sub
  11   1   3   1  3.00e+21   6.959     0.0445   0.0030   5.7156    10.506  5.738e+21     2.913      1    0  9.5142e-17  9.0563e-18  2.3068e-20     117.93     674.02    20220.61 9.7807e+22    1.01   sub
  12   1   3   2  3.00e+21   7.637     0.0445   0.0049   3.5395     3.823  5.636e+21     2.879      1    0  2.8233e-17  7.3861e-18  1.9370e-20     226.78     802.69    24080.78 4.9854e+22    1.28   sub
  13   1   3   3  3.00e+21   8.778     0.0445   0.0080   2.2971     2.022  5.369e+21     2.790      1    0  7.2423e-18  3.5810e-18  1.4100e-20     480.04    1102.69    33080.59 2.3352e+22    2.27   sub
  14   1   3   4  3.00e+21  10.273     0.0445   0.0131   1.5575     1.436  4.749e+21     2.583      1    0  1.7248e-18  1.2013e-18  9.3811e-21    1064.17    1657.40    49722.07 1.1156e+22    4.96   sub
  15   1   3   5  3.00e+21  11.748     0.0445   0.0214   1.1046     1.211  3.557e+21     2.186      1    0  4.0379e-19  3.3330e-19  5.9849e-21    2351.92    2597.90    77936.98 6.1662e+21   11.51   sub
  16   1   3   6  3.00e+21  12.828     0.0445   0.0350   0.8144     1.113  1.996e+21     1.665      1    0  9.3539e-20  8.4046e-20  3.7392e-21    5106.19    4158.24   124747.19 4.2075e+21   26.14   sub
  17   1   3   7  3.00e+21  13.429     0.0445   0.0572   0.6153     1.064  8.488e+20     1.283      1    0  2.1080e-20  1.9814e-20  2.2961e-21   11005.43    6771.61   203148.24 3.4498e+21   57.67   sub
  18   1   4   1  3.00e+21   6.820     0.1048   0.0030  15.3691   120.563  1.245e+22     5.149      1    0  1.1885e-16  9.8579e-19  9.6858e-21     104.45    1605.26    48157.90 1.1926e+23    1.26  deep
  19   1   4   2  3.00e+21   7.252     0.1048   0.0049   7.8699    22.972  1.244e+22     5.145      1    0  4.1489e-17  1.8060e-18  1.0838e-20     182.30    1434.66    43039.77 7.0313e+22    1.02 super
  20   1   4   3  3.00e+21   7.953     0.1048   0.0080   4.5807     6.372  1.195e+22     4.982      1    0  1.3601e-17  2.1344e-18  1.0180e-20     333.42    1527.32    45819.47 3.9285e+22    1.07   sub
  21   1   4   4  3.00e+21   9.073     0.1048   0.0131   2.8625     2.697  1.062e+22     4.539      1    0  3.7428e-18  1.3876e-18  8.0009e-21     678.89    1943.31    58299.30 1.9863e+22    1.62   sub
  22   1   4   5  3.00e+21  10.533     0.1048   0.0214   1.8994     1.670  7.966e+21     3.655      1    0  9.1364e-19  5.4717e-19  5.5292e-21    1480.51    2812.05    84361.63 9.9742e+21    3.23   sub
  23   1   4   6  3.00e+21  11.941     0.1048   0.0350   1.3349     1.314  4.513e+21     2.504      1    0  2.1528e-19  1.6382e-19  3.5867e-21    3247.49    4334.94   130048.21 5.7419e+21    7.13   sub
  24   1   4   7  3.00e+21  12.940     0.1048   0.0572   0.9810     1.165  1.976e+21     1.659      1    0  4.9942e-20  4.2852e-20  2.2581e-21    7018.66    6885.50   206565.10 4.0514e+21   15.74   sub
  25   1   4   8  3.00e+21  13.478     0.1048   0.0936   0.7416     1.093  7.745e+20     1.258      1    0  1.1380e-20  1.0409e-20  1.3971e-21   15005.84   11128.95   333868.53 3.3955e+21   33.94   sub
  26   1   4   9  3.00e+21  13.707     0.1048   0.1529   0.5779     1.056  3.091e+20     1.103      1    0  2.7934e-21  2.6446e-21  8.8079e-22   30544.20   17652.73   529581.90 3.1558e+21   69.06   sub
  27   1   5   1  3.00e+21   6.791     0.2471   0.0030  45.7956  1252.446  1.891e+22     7.305      1    0  1.2450e-16  9.9407e-20  3.3339e-21     101.84    4663.68   139910.46 1.2486e+23    1.67  deep
  28   1   5   2  3.00e+21   7.131     0.2471   0.0049  23.4780   317.575  2.070e+22     7.899      1    0  4.8218e-17  1.5183e-19  3.9495e-21     167.68    3936.79   118103.84 7.9796e+22    1.45  deep
  29   1   5   3  3.00e+21   7.636     0.2471   0.0080  11.3472    57.542  2.155e+22     8.184      1    0  1.7853e-17  3.1027e-19  4.8049e-21     285.17    3235.92    97077.63 4.9889e+22    1.12 super
  30   1   5   4  3.00e+21   8.379     0.2471   0.0131   5.9978    11.779  2.011e+22     7.702      1    0  6.0940e-18  5.1736e-19  5.0701e-21     511.30    3066.66    91999.80 2.9583e+22    1.00   sub
  31   1   5   5  3.00e+21   9.443     0.2471   0.0214   3.6051     3.952  1.584e+22     6.282      1    0  1.8466e-18  4.6721e-19  4.3738e-21     986.04    3554.84   106645.09 1.6423e+22    1.26   sub
  32   1   5   6  3.00e+21  10.802     0.2471   0.0350   2.3491     2.076  9.583e+21     4.194      1    0  4.8379e-19  2.3307e-19  3.2124e-21    2060.35    4840.05   145201.52 8.9166e+21    2.18   sub
  33   1   5   7  3.00e+21  12.125     0.2471   0.0572   1.6281     1.479  4.426e+21     2.475      1    0  1.1547e-19  7.8061e-20  2.1374e-21    4468.11    7274.33   218229.87 5.3732e+21    4.49   sub
  34   1   5   8  3.00e+21  13.044     0.2471   0.0936   1.1875     1.246  1.786e+21     1.595      1    0  2.6700e-20  2.1432e-20  1.3586e-21    9637.42   11444.33   343330.01 3.9138e+21    9.55   sub
  35   1   5   9  3.00e+21  13.531     0.2471   0.1529   0.8898     1.135  6.711e+20     1.224      1    0  5.9032e-21  5.1993e-21  8.3707e-22   20875.68   18574.69   557240.81 3.3382e+21   20.49   sub
  36   1   5  10  3.00e+21  13.730     0.2471   0.2500   0.6924     1.081  2.665e+20     1.089      0    0  1.4527e-21  1.3436e-21  5.2975e-22   42389.93   29350.15   880504.48 3.1336e+21   41.20   sub
  37   1   6   3  3.00e+21   7.498     0.5825   0.0080  37.4531   842.908  2.528e+22     9.426      1    0  2.1445e-17  2.5442e-20  1.6102e-21     257.83    9656.41   289692.32 5.5995e+22    1.62  deep
  38   1   6   4  3.00e+21   8.093     0.5825   0.0131  17.3281   159.923  2.608e+22     9.692      1    0  7.8178e-18  4.8885e-20  2.0226e-21     443.64    7687.43   230622.82 3.5639e+22    1.31  deep
  39   1   6   5  3.00e+21   8.881     0.5825   0.0214   8.1892    25.382  2.301e+22     8.670      1    0  2.6852e-18  1.0579e-19  2.3943e-21     792.99    6493.95   194818.62 2.2042e+22    1.02 super
  40   1   6   6  3.00e+21   9.866     0.5825   0.0350   4.6703     6.644  1.643e+22     6.476      1    0  8.9187e-19  1.3424e-19  2.2956e-21    1450.23    6773.04   203191.23 1.3407e+22    1.06   sub
  41   1   6   7  3.00e+21  11.103     0.5825   0.0572   2.9475     2.819  8.972e+21     3.991      1    0  2.5024e-19  8.8783e-20  1.8162e-21    2904.49    8561.12   256833.55 7.8955e+21    1.56   sub
  42   1   6   8  3.00e+21  12.316     0.5825   0.0936   2.0010     1.751  3.929e+21     2.310      1    0  6.0947e-20  3.4803e-20  1.2536e-21    6198.42   12403.29   372098.69 5.0201e+21    2.92   sub
  43   1   6   9  3.00e+21  13.139     0.5825   0.1529   1.4469     1.373  1.569e+21     1.523      1    0  1.4282e-20  1.0405e-20  8.1249e-22   13225.77   19136.60   574098.13 3.7915e+21    5.88   sub
  44   1   6  10  3.00e+21  13.562     0.5825   0.2500   1.0888     1.205  6.092e+20     1.203      1    0  3.3403e-21  2.7715e-21  5.1398e-22   27783.34   30250.92   907527.68 3.3055e+21   11.95   sub
  45   1   7   4  3.00e+21   7.925     1.3733   0.0131  58.3339  1989.082  2.743e+22    10.142      1    0  9.8271e-18  4.9405e-21  6.8072e-22     391.56   22841.11   685233.34 4.0080e+22    1.70  deep
  46   1   7   5  3.00e+21   8.682     1.3733   0.0214  25.1621   369.173  2.581e+22     9.602      1    0  3.1448e-18  8.5185e-21  8.5293e-22     724.48   18229.33   546879.82 2.4677e+22    1.48  deep
  47   1   7   6  3.00e+21   9.459     1.3733   0.0350  11.6635    61.607  2.068e+22     7.892      1    0  1.1540e-18  1.8732e-20  1.0678e-21    1248.37   14560.41   436812.37 1.6293e+22    1.14 super
  48   1   7   7  3.00e+21  10.392     1.3733   0.0572   6.1305    12.414  1.370e+22     5.565      1    0  3.9780e-19  3.2045e-20  1.1380e-21    2228.62   13662.47   409874.10 1.0595e+22    1.00   sub
  49   1   7   8  3.00e+21  11.460     1.3733   0.0936   3.7492     4.251  7.463e+21     3.488      1    0  1.2279e-19  2.8886e-20  9.8450e-22    4212.44   15793.14   473794.08 6.8717e+21    1.22   sub
  50   1   7   9  3.00e+21  12.505     1.3733   0.1529   2.4990     2.239  3.360e+21     2.120      1    0  3.2023e-20  1.4305e-20  7.2208e-22    8616.45   21532.60   645977.92 4.6996e+21    1.97   sub
  51   1   7  10  3.00e+21  13.227     1.3733   0.2500   1.7820     1.583  1.363e+21     1.454      1    0  7.6797e-21  4.8524e-21  4.8216e-22   18095.59   32246.91   967407.22 3.6842e+21    3.69   sub
  52   1   8   6  3.00e+21   9.323     3.2375   0.0350  36.5638   803.265  2.220e+22     8.399      1    0  1.2825e-18  1.5966e-21  3.6171e-22    1175.63   42985.60  1289567.91 1.7446e+22    1.61  deep
  53   1   8   7  3.00e+21  10.049     3.2375   0.0572  17.9542   173.651  1.655e+22     6.517      1    0  5.1302e-19  2.9543e-21  4.4875e-22    1929.79   34647.81  1039434.34 1.2329e+22    1.33  deep
  54   1   8   8  3.00e+21  10.944     3.2375   0.0936   8.4759    27.676  1.036e+22     4.455      1    0  1.7478e-19  6.3152e-21  5.3165e-22    3450.44   29245.52   877365.47 8.4139e+21    1.03 super
  55   1   8   9  3.00e+21  11.862     3.2375   0.1529   4.8677     7.275  5.736e+21     2.912      1    0  5.6786e-20  7.8060e-21  5.0686e-22    6301.94   30676.01   920280.41 5.9120e+21    1.05   sub
  56   1   8  10  3.00e+21  12.707     3.2375   0.2500   3.1731     3.167  2.753e+21     1.918      1    0  1.6265e-20  5.1358e-21  4.0206e-22   12187.50   38671.65  1160149.55 4.3834e+21    1.43   sub
  57   1   9   7  3.00e+21   9.953     7.6324   0.0572  54.4288  1744.569  1.740e+22     6.801      1    0  5.5634e-19  3.1890e-22  1.5489e-22    1844.25  100380.25  3011407.46 1.2880e+22    1.69  deep
  58   1   9   8  3.00e+21  10.759     7.6324   0.0936  25.6051   383.315  1.159e+22     4.863      1    0  1.9923e-19  5.1974e-22  1.8951e-22    3204.26   82045.43  2461362.80 9.0760e+21    1.49  deep
  59   1   9   9  3.00e+21  11.509     7.6324   0.1529  12.3809    71.396  7.359e+21     3.453      1    0  7.4749e-20  1.0470e-21  2.3211e-22    5410.42   66985.66  2009569.67 6.7456e+21    1.16  deep
  60   1   9  10  3.00e+21  12.258     7.6324   0.2500   6.6330    15.031  4.220e+21     2.407      1    0  2.5648e-20  1.7064e-21  2.4590e-22    9532.65   63230.39  1896911.77 5.1235e+21    1.00 super
  61   1  10   9  3.00e+21  11.354    17.9932   0.1529  39.9779   959.753  8.140e+21     3.713      1    0  8.7043e-20  9.0693e-23  7.8098e-23    4979.90  199085.95  5972578.57 7.1586e+21    1.64  deep
  62   1  10  10  3.00e+21  12.027    17.9932   0.2500  19.4113   207.697  5.090e+21     2.697      1    0  3.2262e-20  1.5533e-22  9.5142e-23    8418.94  163422.19  4902665.55 5.5660e+21    1.36  deep
  63   2   1   1  6.00e+21   8.165     0.0080   0.0030   1.5465     1.429  1.051e+21     1.175      1    0  2.5778e-17  1.8036e-17  8.1939e-20     245.40     379.51    11385.21 3.3955e+22    5.04   sub
  64   2   1   2  6.00e+21   9.387     0.0080   0.0049   1.0953     1.208  1.032e+21     1.172      1    0  6.0708e-18  5.0263e-18  5.2362e-20     542.20     593.87    17816.18 1.6893e+22   11.76   sub
  65   2   1   3  6.00e+21  10.497     0.0080   0.0080   0.7964     1.108  9.838e+20     1.164      1    0  1.3923e-18  1.2567e-18  3.2614e-20    1197.28     953.47    28604.07 1.0127e+22   27.82   sub
  66   2   1   4  6.00e+21  11.205     0.0080   0.0131   0.6006     1.061  8.753e+20     1.146      1    0  3.2833e-19  3.0950e-19  2.0326e-20    2547.27    1529.92    45897.73 7.5845e+21   61.82   sub
  67   2   2   1  6.00e+21   7.346     0.0189   0.0030   2.8036     2.617  2.467e+21     1.411      1    0  5.6295e-17  2.1515e-17  7.0421e-20     157.51     441.58    13247.48 6.4210e+22    1.67   sub
  68   2   2   2  6.00e+21   8.356     0.0189   0.0049   1.8899     1.662  2.423e+21     1.404      1    0  1.3750e-17  8.2707e-18  4.8404e-20     339.93     642.43    19273.00 3.0013e+22    3.27   sub
  69   2   2   3  6.00e+21   9.573     0.0189   0.0080   1.3198     1.307  2.309e+21     1.385      1    0  3.2225e-18  2.4661e-18  3.1351e-20     751.54     991.88    29756.29 1.5409e+22    7.34   sub
  70   2   2   4  6.00e+21  10.619     0.0189   0.0131   0.9593     1.158  2.046e+21     1.341      1    0  7.5099e-19  6.4852e-19  1.9771e-20    1639.63    1572.84    47185.28 9.6190e+21   16.71   sub
  71   2   2   5  6.00e+21  11.275     0.0189   0.0214   0.7211     1.088  1.537e+21     1.256      1    0  1.7490e-19  1.6073e-19  1.2317e-20    3500.91    2524.60    75738.02 7.3811e+21   36.73   sub
  72   2   2   6  6.00e+21  11.592     0.0189   0.0350   0.5570     1.052  8.803e+20     1.147      1    0  4.2008e-20  3.9922e-20  7.7076e-21    7243.26    4034.53   121035.76 6.5360e+21   76.82   sub
  73   2   3   1  6.00e+21   6.937     0.0445   0.0030   5.7314    10.574  5.737e+21     1.956      1    0  9.4947e-17  8.9792e-18  4.6033e-20     117.86     675.53    20265.77 1.0062e+23    1.01   sub
  74   2   3   2  6.00e+21   7.571     0.0445   0.0049   3.5592     3.861  5.634e+21     1.939      1    0  2.8068e-17  7.2695e-18  3.8580e-20     226.47     806.03    24181.01 5.2620e+22    1.27   sub
  75   2   3   3  6.00e+21   8.573     0.0445   0.0080   2.3329     2.059  5.367e+21     1.895      1    0  7.2391e-18  3.5159e-18  2.8091e-20     474.50    1106.98    33209.42 2.6303e+22    2.21   sub
  76   2   3   4  6.00e+21   9.748     0.0445   0.0131   1.6073     1.466  4.747e+21     1.791      1    0  1.7348e-18  1.1832e-18  1.8718e-20    1033.61    1661.30    49838.96 1.4166e+22    4.62   sub
  77   2   3   5  6.00e+21  10.749     0.0445   0.0214   1.1543     1.232  3.527e+21     1.588      1    0  3.9471e-19  3.2046e-19  1.1840e-20    2275.45    2626.45    78793.53 9.1119e+21   10.27   sub
  78   2   3   6  6.00e+21  11.344     0.0445   0.0350   0.8648     1.128  1.967e+21     1.328      1    0  9.1329e-20  8.0985e-20  7.3993e-21    4859.49    4202.67   126079.98 7.1864e+21   22.15   sub
  79   2   3   7  6.00e+21  11.626     0.0445   0.0572   0.6639     1.075  8.537e+20     1.142      1    0  2.1332e-20  1.9852e-20  4.6014e-21   10179.46    6758.10   202743.00 6.4528e+21   46.42   sub
  80   2   3   8  6.00e+21  11.746     0.0445   0.0936   0.5130     1.044  3.316e+20     1.055      0    0  4.8446e-21  4.6393e-21  2.8233e-21   21470.66   11014.30   330429.05 6.1692e+21   97.51   sub
  81   2   4   1  6.00e+21   6.804     0.1048   0.0030  15.4347   121.792  1.244e+22     3.073      1    0  1.1889e-16  9.7619e-19  1.9314e-20     104.31    1610.05    48301.36 1.2217e+23    1.26  deep
  82   2   4   2  6.00e+21   7.216     0.1048   0.0049   7.8955    23.160  1.242e+22     3.071      1    0  4.1163e-17  1.7773e-18  2.1573e-20     182.56    1441.44    43243.09 7.2909e+22    1.02 super
  83   2   4   3  6.00e+21   7.856     0.1048   0.0080   4.6317     6.526  1.193e+22     2.988      1    0  1.3563e-17  2.0783e-18  2.0231e-20     331.86    1537.06    46111.88 4.2128e+22    1.07   sub
  84   2   4   4  6.00e+21   8.818     0.1048   0.0131   2.9250     2.786  1.060e+22     2.766      1    0  3.7533e-18  1.3472e-18  1.5907e-20     668.35    1954.94    58648.15 2.2831e+22    1.58   sub
  85   2   4   5  6.00e+21   9.943     0.1048   0.0214   1.9674     1.724  7.931e+21     2.322      1    0  9.1235e-19  5.2933e-19  1.0981e-20    1439.43    2831.89    84956.56 1.2940e+22    3.02   sub
  86   2   4   6  6.00e+21  10.862     0.1048   0.0350   1.4029     1.349  4.451e+21     1.742      1    0  2.1144e-19  1.5675e-19  7.0928e-21    3125.23    4384.25   131527.47 8.7002e+21    6.33   sub
  87   2   4   7  6.00e+21  11.395     0.1048   0.0572   1.0493     1.190  1.965e+21     1.328      1    0  4.9780e-20  4.1828e-20  4.4923e-21    6596.96    6922.18   207665.34 7.0462e+21   13.16   sub
  88   2   4   8  6.00e+21  11.649     0.1048   0.0936   0.8016     1.109  7.785e+20     1.130      1    0  1.1507e-20  1.0373e-20  2.7964e-21   13873.13   11120.25   333607.55 6.3977e+21   27.32   sub
  89   2   4   9  6.00e+21  11.756     0.1048   0.1529   0.6171     1.064  2.937e+20     1.049      0    0  2.5896e-21  2.4332e-21  1.7151e-21   29378.33   18130.66   543919.86 6.1479e+21   57.18   sub
  90   2   5   1  6.00e+21   6.776     0.2471   0.0030  46.1344  1270.475  1.887e+22     4.145      1    0  1.2525e-16  9.8587e-20  6.6462e-21     101.42    4678.85   140365.49 1.2810e+23    1.67  deep
  91   2   5   2  6.00e+21   7.100     0.2471   0.0049  23.6565   322.879  2.063e+22     4.438      1    0  4.8164e-17  1.4917e-19  7.8522e-21     167.41    3960.26   118807.94 8.2600e+22    1.45  deep
  92   2   5   3  6.00e+21   7.565     0.2471   0.0080  11.5680    60.364  2.145e+22     4.575      1    0  1.7970e-17  2.9769e-19  9.5014e-21     282.92    3272.85    98185.48 5.2884e+22    1.13 super
  93   2   5   4  6.00e+21   8.243     0.2471   0.0131   6.0823    12.181  1.995e+22     4.325      1    0  6.0119e-18  4.9356e-19  1.0013e-20     510.58    3105.50    93165.07 3.2258e+22    1.00   sub
  94   2   5   5  6.00e+21   9.121     0.2471   0.0214   3.7146     4.177  1.573e+22     3.622      1    0  1.8510e-18  4.4309e-19  8.6488e-21     967.94    3595.48   107864.45 1.9363e+22    1.23   sub
  95   2   5   6  6.00e+21  10.132     0.2471   0.0350   2.4518     2.186  9.497e+21     2.583      1    0  4.8356e-19  2.2124e-19  6.3547e-21    1995.88    4893.49   146804.82 1.1878e+22    2.04   sub
  96   2   5   7  6.00e+21  10.959     0.2471   0.0572   1.7288     1.546  4.403e+21     1.734      1    0  1.1583e-19  7.4941e-20  4.2409e-21    4241.29    7332.53   219976.01 8.3650e+21    3.93   sub
  97   2   5   8  6.00e+21  11.450     0.2471   0.0936   1.2711     1.283  1.756e+21     1.293      1    0  2.6200e-20  2.0414e-20  2.6839e-21    9115.23   11586.36   347590.68 6.8989e+21    8.05   sub
  98   2   5   9  6.00e+21  11.670     0.2471   0.1529   0.9701     1.162  6.901e+20     1.115      1    0  6.1868e-21  5.3257e-21  1.6927e-21   18937.30   18371.01   551130.43 6.3479e+21   16.22   sub
  99   2   5  10  6.00e+21  11.764     0.2471   0.2500   0.7451     1.094  2.594e+20     1.043      0    0  1.3981e-21  1.2778e-21  1.0435e-21   39995.79   29799.20   893976.14 6.1301e+21   33.50   sub
 100   2   6   3  6.00e+21   7.439     0.5825   0.0080  38.1260   873.433  2.509e+22     5.182      1    0  2.1574e-17  2.4700e-20  3.1855e-21     256.04    9761.85   292855.55 5.8959e+22    1.63  deep
 101   2   6   4  6.00e+21   7.988     0.5825   0.0131  17.6645   167.232  2.579e+22     5.298      1    0  7.7540e-18  4.6367e-20  3.9777e-21     442.56    7817.64   234529.12 3.8317e+22    1.32  deep
 102   2   6   5  6.00e+21   8.674     0.5825   0.0214   8.4342    27.335  2.266e+22     4.776      1    0  2.6599e-18  9.7308e-20  4.6825e-21     787.39    6640.98   199229.27 2.4792e+22    1.03 super
 103   2   6   6  6.00e+21   9.488     0.5825   0.0350   4.7897     7.020  1.593e+22     3.656      1    0  8.5565e-19  1.2188e-19  4.4715e-21    1451.96    6954.44   208633.29 1.6066e+22    1.05   sub
 104   2   6   7  6.00e+21  10.356     0.5825   0.0572   3.0820     3.021  8.717e+21     2.453      1    0  2.4269e-19  8.0323e-20  3.5423e-21    2848.39    8778.76   263362.91 1.0759e+22    1.48   sub
 105   2   6   8  6.00e+21  11.067     0.5825   0.0936   2.1426     1.874  3.904e+21     1.651      1    0  6.1232e-20  3.2667e-20  2.4759e-21    5862.02   12559.85   376795.63 8.0096e+21    2.56   sub
 106   2   6   9  6.00e+21  11.493     0.5825   0.1529   1.5608     1.438  1.555e+21     1.259      1    0  1.4226e-20  9.8942e-21  1.6075e-21   12394.00   19344.18   580325.40 6.7848e+21    4.93   sub
 107   2   6  10  6.00e+21  11.690     0.5825   0.2500   1.1767     1.241  6.005e+20     1.100      1    0  3.2884e-21  2.6494e-21  1.0165e-21   25997.37   30590.70   917721.06 6.3012e+21    9.78   sub
 108   2   7   4  6.00e+21   7.863     1.3733   0.0131  57.3043  1923.315  2.715e+22     5.525      1    0  9.2951e-18  4.8328e-21  1.3531e-21     401.04   22981.30   689438.97 4.1915e+22    1.69  deep
 109   2   7   5  6.00e+21   8.510     1.3733   0.0214  25.8854   392.384  2.534e+22     5.224      1    0  3.0981e-18  7.8956e-21  1.6624e-21     722.65   18706.04   561181.22 2.7314e+22    1.49  deep
 110   2   7   6  6.00e+21   9.167     1.3733   0.0350  12.0725    67.092  2.009e+22     4.348      1    0  1.1165e-18  1.6642e-20  2.0616e-21    1249.42   15083.65   452509.45 1.8900e+22    1.15  deep
 111   2   7   7  6.00e+21   9.860     1.3733   0.0572   6.5103    14.360  1.338e+22     3.231      1    0  3.9415e-19  2.7448e-20  2.1902e-21    2180.88   14198.14   425944.29 1.3443e+22    1.00 super
 112   2   7   8  6.00e+21  10.590     1.3733   0.0936   3.9760     4.761  7.199e+21     2.200      1    0  1.1859e-19  2.4911e-20  1.8981e-21    4120.50   16383.07   491492.20 9.7369e+21    1.17   sub
 113   2   7   9  6.00e+21  11.178     1.3733   0.1529   2.6936     2.473  3.292e+21     1.549      1    0  3.1628e-20  1.2791e-20  1.4083e-21    8197.20   22080.38   662411.27 7.6660e+21    1.76   sub
 114   2   7  10  6.00e+21  11.540     1.3733   0.2500   1.9242     1.689  1.326e+21     1.221      1    0  7.4586e-21  4.4157e-21  9.4226e-22   17151.29   33002.10   990063.15 6.6656e+21    3.15   sub
 115   2   8   6  6.00e+21   9.040     3.2375   0.0350  38.6047   895.422  2.173e+22     4.622      1    0  1.2797e-18  1.4292e-21  6.9508e-22    1158.88   44738.24  1342147.16 2.0221e+22    1.63  deep
 116   2   8   7  6.00e+21   9.632     3.2375   0.0572  18.9806   197.333  1.592e+22     3.654      1    0  4.9379e-19  2.5023e-21  8.5076e-22    1925.74   36551.72  1096551.52 1.4977e+22    1.35  deep
 117   2   8   8  6.00e+21  10.276     3.2375   0.0936   9.0640    32.766  9.848e+21     2.641      1    0  1.6574e-19  5.0582e-21  9.9925e-22    3433.36   31119.86   933595.93 1.1144e+22    1.05 super
 118   2   8   9  6.00e+21  10.836     3.2375   0.1529   5.2881     8.768  5.499e+21     1.917      1    0  5.4875e-20  6.2586e-21  9.5972e-22    6127.27   32401.75   972052.57 8.7930e+21    1.02   sub
 119   2   8  10  6.00e+21  11.291     3.2375   0.2500   3.4574     3.666  2.655e+21     1.442      1    0  1.5789e-20  4.3074e-21  7.7136e-22   11660.33   40313.95  1209418.39 7.3342e+21    1.31   sub
 120   2   9   7  6.00e+21   9.625     7.6324   0.0572  53.0532  1661.652  1.609e+22     3.682      1    1  4.8066e-19  2.8927e-22  3.0041e-22    1951.16  103515.04  3105451.35 1.5029e+22    1.69  deep
 121   2   9   8  6.00e+21  10.152     7.6324   0.0936  27.7140   453.803  1.100e+22     2.834      1    0  1.8989e-19  4.1845e-22  3.5195e-22    3188.13   88355.68  2650670.52 1.1772e+22    1.52  deep
 122   2   9   9  6.00e+21  10.652     7.6324   0.1529  13.5575    89.155  6.851e+21     2.142      1    0  6.9282e-20  7.7710e-22  4.2424e-22    5406.62   73300.20  2199006.10 9.4870e+21    1.20  deep
 123   2   9  10  6.00e+21  11.071     7.6324   0.2500   7.4019    19.710  3.971e+21     1.662      1    0  2.4338e-20  1.2348e-21  4.5176e-22    9299.57   68834.54  2065036.10 7.9984e+21    1.01 super
 124   2  10   9  6.00e+21  10.572    17.9932   0.1529  42.6128  1088.324  7.460e+21     2.243      1    1  7.8302e-20  7.1947e-23  1.4403e-22    5066.67  215904.81  6477144.25 9.8095e+21    1.65  deep
 125   2  10  10  6.00e+21  10.969    17.9932   0.2500  21.6100   264.456  4.625e+21     1.771      1    1  2.9022e-20  1.0974e-22  1.6976e-22    8476.82  183183.93  5495517.91 8.3317e+21    1.41  deep
 126   3   1   1  1.20e+22   7.926     0.0080   0.0030   1.5753     1.447  1.051e+21     1.088      0    0  2.5959e-17  1.7946e-17  1.6386e-19     240.93     379.55    11386.58 4.0044e+22    4.83   sub
 127   3   1   2  1.20e+22   8.824     0.0080   0.0049   1.1292     1.221  1.031e+21     1.086      0    0  5.9736e-18  4.8908e-18  1.0393e-19     529.94     598.43    17952.87 2.2761e+22   10.87   sub
 128   3   1   3  1.20e+22   9.479     0.0080   0.0080   0.8404     1.120  9.836e+20     1.082      0    0  1.3972e-18  1.2469e-18  6.5157e-20    1135.77     954.52    28635.48 1.6131e+22   23.96   sub
 129   3   1   4  1.20e+22   9.851     0.0080   0.0131   0.6329     1.068  8.662e+20     1.072      0    0  3.0328e-19  2.8406e-19  3.9540e-20    2485.05    1572.91    47187.19 1.3501e+22   53.19   sub
 130   3   2   1  1.20e+22   7.258     0.0189   0.0030   2.8236     2.644  2.468e+21     1.206      1    0  5.5932e-17  2.1156e-17  1.4023e-19     157.07     443.51    13305.32 6.9890e+22    1.65   sub
 131   3   2   2  1.20e+22   8.088     0.0189   0.0049   1.9227     1.688  2.422e+21     1.202      1    0  1.3566e-17  8.0368e-18  9.6073e-20     336.69     647.35    19420.63 3.5753e+22    3.16   sub
 132   3   2   3  1.20e+22   8.938     0.0189   0.0080   1.3707     1.332  2.308e+21     1.192      1    0  3.2146e-18  2.4130e-18  6.2406e-20     727.05     996.59    29897.73 2.1370e+22    6.69   sub
 133   3   2   4  1.20e+22   9.553     0.0189   0.0131   1.0109     1.176  2.039e+21     1.170      1    0  7.3504e-19  6.2501e-19  3.9138e-20    1571.93    1589.09    47672.79 1.5560e+22   14.53   sub
 134   3   2   5  1.20e+22   9.877     0.0189   0.0214   0.7662     1.100  1.515e+21     1.126      1    0  1.6696e-19  1.5182e-19  2.4204e-20    3353.77    2569.49    77084.83 1.3337e+22   30.98   sub
 135   3   2   6  1.20e+22  10.014     0.0189   0.0350   0.5973     1.060  8.666e+20     1.072      0    0  4.0837e-20  3.8519e-20  1.5248e-20    6828.01    4078.65   122359.53 1.2525e+22   62.80   sub
 136   3   3   1  1.20e+22   6.897     0.0445   0.0030   5.7606    10.702  5.737e+21     1.478      1    0  9.4571e-17  8.8368e-18  9.1682e-20     117.76     678.36    20350.70 1.0625e+23    1.01   sub
 137   3   3   2  1.20e+22   7.454     0.0445   0.0049   3.5942     3.930  5.631e+21     1.469      1    0  2.7748e-17  7.0598e-18  7.6566e-20     226.00     812.28    24368.35 5.8174e+22    1.26   sub
 138   3   3   3  1.20e+22   8.242     0.0445   0.0080   2.3973     2.126  5.364e+21     1.447      1    0  7.2729e-18  3.4203e-18  5.5891e-20     464.17    1112.75    33382.51 3.2287e+22    2.11   sub
 139   3   3   4  1.20e+22   9.051     0.0445   0.0131   1.6762     1.510  4.734e+21     1.395      1    0  1.7226e-18  1.1406e-18  3.7123e-20     999.48    1675.34    50260.27 2.0098e+22    4.21   sub
 140   3   3   5  1.20e+22   9.610     0.0445   0.0214   1.2303     1.265  3.531e+21     1.294      1    0  4.0051e-19  3.1669e-19  2.3668e-20    2135.92    2627.74    78832.30 1.5132e+22    8.73   sub
 141   3   3   6  1.20e+22   9.901     0.0445   0.0350   0.9300     1.148  1.967e+21     1.164      1    0  9.1904e-20  8.0038e-20  1.4776e-20    4525.83    4209.14   126274.31 1.3189e+22   18.17   sub
 142   3   3   7  1.20e+22  10.026     0.0445   0.0572   0.7184     1.087  8.600e+20     1.072      0    0  2.1655e-20  1.9913e-20  9.2267e-21    9382.16    6740.54   202216.14 1.2457e+22   37.11   sub
 143   3   3   8  1.20e+22  10.076     0.0445   0.0936   0.5614     1.053  3.467e+20     1.029      0    1  5.1980e-21  4.9360e-21  5.7708e-21   19197.78   10777.22   323316.64 1.2177e+22   75.11   sub
 144   3   4   1  1.20e+22   6.776     0.1048   0.0030  15.5565   124.089  1.243e+22     2.036      1    0  1.1895e-16  9.5863e-19  3.8415e-20     104.07    1618.98    48569.33 1.2800e+23    1.26  deep
 145   3   4   2  1.20e+22   7.150     0.1048   0.0049   7.9427    23.509  1.240e+22     2.034      1    0  4.0556e-17  1.7251e-18  4.2769e-20     183.08    1454.15    43624.62 7.8157e+22    1.02 super
 146   3   4   3  1.20e+22   7.698     0.1048   0.0080   4.6907     6.707  1.189e+22     1.991      1    0  1.3262e-17  1.9773e-18  3.9910e-20     332.21    1558.32    46749.70 4.7491e+22    1.06   sub
 147   3   4   4  1.20e+22   8.433     0.1048   0.0131   3.0149     2.918  1.054e+22     1.878      1    0  3.7090e-18  1.2709e-18  3.1374e-20     657.50    1982.30    59469.06 2.8610e+22    1.52   sub
 148   3   4   5  1.20e+22   9.167     0.1048   0.0214   2.0700     1.810  7.885e+21     1.657      1    0  9.1313e-19  5.0455e-19  2.1747e-20    1381.57    2859.83    85794.87 1.8903e+22    2.73   sub
 149   3   4   6  1.20e+22   9.670     0.1048   0.0350   1.5016     1.403  4.446e+21     1.370      1    0  2.1383e-19  1.5240e-19  1.4125e-20    2932.16    4403.06   132091.82 1.4707e+22    5.39   sub
 150   3   4   7  1.20e+22   9.927     0.1048   0.0572   1.1281     1.221  1.945e+21     1.162      1    0  4.9269e-20  4.0354e-20  8.9076e-21    6189.19    6982.00   209459.98 1.3036e+22   10.90   sub
 151   3   4   8  1.20e+22  10.037     0.1048   0.0936   0.8637     1.127  7.675e+20     1.064      0    0  1.1300e-20  1.0023e-20  5.5410e-21   12995.58   11224.28   336728.43 1.2392e+22   22.23   sub
 152   3   4   9  1.20e+22  10.081     0.1048   0.1529   0.6707     1.076  2.982e+20     1.025      0    1  2.6557e-21  2.4679e-21  3.4517e-21   26864.92   18018.34   540550.26 1.2150e+22   45.09   sub
 153   3   4  10  1.20e+22  10.098     0.1048   0.2500   0.5217     1.046  1.130e+20     1.009      0    1  6.1153e-22  5.8476e-22  2.1276e-21   56032.11   29231.81   876954.16 1.2057e+22   92.87   sub
 154   3   5   1  1.20e+22   6.748     0.2471   0.0030  46.7533  1303.684  1.879e+22     2.566      1    0  1.2660e-16  9.7113e-20  1.3214e-20     100.67    4706.55   141196.39 1.3452e+23    1.67  deep
 155   3   5   2  1.20e+22   7.042     0.2471   0.0049  23.9838   332.707  2.051e+22     2.709      1    0  4.8047e-17  1.4441e-19  1.5534e-20     166.94    4003.74   120112.09 8.8224e+22    1.46  deep
 156   3   5   3  1.20e+22   7.464     0.2471   0.0080  11.5692    60.379  2.126e+22     2.771      1    0  1.7264e-17  2.8592e-19  1.8749e-20     286.72    3317.11    99513.22 5.7646e+22    1.13 super
 157   3   5   4  1.20e+22   8.012     0.2471   0.0131   6.2302    12.906  1.968e+22     2.640      1    0  5.8631e-18  4.5429e-19  1.9585e-20     509.71    3175.61    95268.31 3.7678e+22    1.00   sub
 158   3   5   5  1.20e+22   8.662     0.2471   0.0214   3.8444     4.459  1.538e+22     2.281      1    0  1.7869e-18  4.0074e-19  1.6851e-20     960.02    3690.70   110721.14 2.4961e+22    1.20   sub
 159   3   5   6  1.20e+22   9.290     0.2471   0.0350   2.5878     2.342  9.270e+21     1.773      1    0  4.7235e-19  2.0167e-19  1.2428e-20    1933.75    5004.21   150126.29 1.7740e+22    1.87   sub
 160   3   5   7  1.20e+22   9.724     0.2471   0.0572   1.8529     1.634  4.332e+21     1.361      1    0  1.1448e-19  7.0043e-20  8.3522e-21    4018.66    7446.30   223389.01 1.4330e+22    3.40   sub
 161   3   5   8  1.20e+22   9.949     0.2471   0.0936   1.3767     1.335  1.757e+21     1.146      1    0  2.6442e-20  1.9803e-20  5.3411e-21    8458.01   11644.16   349324.75 1.2900e+22    6.62   sub
 162   3   5   9  1.20e+22  10.046     0.2471   0.1529   1.0497     1.190  6.853e+20     1.057      0    0  6.1523e-21  5.1687e-21  3.3625e-21   17619.53   18495.93   554877.90 1.2345e+22   13.15   sub
 163   3   5  10  1.20e+22  10.085     0.2471   0.2500   0.8100     1.112  2.624e+20     1.022      0    1  1.4267e-21  1.2834e-21  2.0945e-21   36658.83   29693.52   890805.52 1.2132e+22   26.54   sub
 164   3   6   3  1.20e+22   7.362     0.5825   0.0080  37.5935   849.242  2.486e+22     3.072      1    0  2.0425e-17  2.4050e-20  6.3197e-21     261.78    9841.20   295235.86 6.3250e+22    1.62  deep
 165   3   6   4  1.20e+22   7.806     0.5825   0.0131  18.2459   180.235  2.528e+22     3.107      1    0  7.6236e-18  4.2298e-20  7.7252e-21     441.23    8050.68   241520.26 4.3714e+22    1.34  deep
 166   3   6   5  1.20e+22   8.349     0.5825   0.0214   8.7504    29.986  2.196e+22     2.830      1    0  2.5581e-18  8.5310e-20  9.0228e-21     787.73    6892.90   206786.98 3.0152e+22    1.04 super
 167   3   6   6  1.20e+22   8.901     0.5825   0.0350   5.0791     7.999  1.546e+22     2.288      1    0  8.3852e-19  1.0482e-19  8.6192e-21    1420.66    7215.65   216469.55 2.1800e+22    1.03   sub
 168   3   6   7  1.20e+22   9.416     0.5825   0.0572   3.3038     3.388  8.488e+21     1.707      1    0  2.3866e-19  7.0448e-20  6.8733e-21    2738.87    9048.55   271456.50 1.6645e+22    1.37   sub
 169   3   6   8  1.20e+22   9.781     0.5825   0.0936   2.3065     2.032  3.789e+21     1.316      1    0  5.9468e-20  2.9265e-20  4.8219e-21    5591.95   12898.08   386942.48 1.3952e+22    2.25   sub
 170   3   6   9  1.20e+22   9.970     0.5825   0.1529   1.6966     1.524  1.546e+21     1.129      1    0  1.4264e-20  9.3608e-21  3.1799e-21   11527.57   19558.11   586743.33 1.2781e+22    4.10   sub
 171   3   6  10  1.20e+22  10.055     0.5825   0.2500   1.2739     1.285  5.908e+20     1.049      0    0  3.2308e-21  2.5148e-21  2.0071e-21   24324.78   30987.27   929617.98 1.2296e+22    8.01   sub
 172   3   7   4  1.20e+22   7.786     1.3733   0.0131  52.2137  1611.877  2.658e+22     3.215      1    0  7.6420e-18  4.7410e-21  2.7063e-21     440.14   22981.16   689434.78 4.4375e+22    1.69  deep
 173   3   7   5  1.20e+22   8.225     1.3733   0.0214  27.0338   430.502  2.454e+22     3.045      1    0  2.9984e-18  6.9649e-21  3.1856e-21     722.19   19523.52   585705.71 3.2635e+22    1.51  deep
 174   3   7   6  1.20e+22   8.699     1.3733   0.0350  12.9901    80.329  1.930e+22     2.608      1    0  1.0834e-18  1.3487e-20  3.8751e-21    1235.52   16049.55   481486.62 2.4432e+22    1.18  deep
 175   3   7   7  1.20e+22   9.149     1.3733   0.0572   7.0193    17.277  1.273e+22     2.061      1    0  3.7611e-19  2.1769e-20  4.1201e-21    2150.51   15095.00   452850.15 1.9087e+22    1.00 super
 176   3   7   8  1.20e+22   9.553     1.3733   0.0936   4.3055     5.592  6.851e+21     1.571      1    0  1.1309e-19  2.0225e-20  3.6045e-21    4007.51   17254.46   517633.95 1.5559e+22    1.11   sub
 177   3   7   9  1.20e+22   9.832     1.3733   0.1529   2.9396     2.807  3.194e+21     1.266      1    0  3.0927e-20  1.1018e-20  2.7213e-21    7774.70   22854.41   685632.41 1.3617e+22    1.57   sub
 178   3   7  10  1.20e+22   9.990     1.3733   0.2500   2.1115     1.846  1.324e+21     1.110      1    0  7.5634e-21  4.0964e-21  1.8587e-21   15846.58   33460.12  1003803.48 1.2665e+22    2.63   sub
 179   3   8   6  1.20e+22   8.595     3.2375   0.0350  42.4738  1081.377  2.107e+22     2.756      1    1  1.2924e-18  1.1951e-21  1.3022e-21    1124.49   47761.40  1432842.07 2.5954e+22    1.65  deep
 180   3   8   7  1.20e+22   9.026     3.2375   0.0572  20.4126   232.756  1.488e+22     2.240      1    0  4.5625e-19  1.9602e-21  1.5710e-21    1939.36   39587.47  1187624.23 2.0373e+22    1.39  deep
 181   3   8   8  1.20e+22   9.394     3.2375   0.0936  10.1280    43.315  9.247e+21     1.771      1    0  1.5700e-19  3.6248e-21  1.8207e-21    3372.72   34159.02  1024770.59 1.6835e+22    1.08 super
 182   3   8   9  1.20e+22   9.683     3.2375   0.1529   5.8488    11.094  5.138e+21     1.428      1    0  5.1347e-20  4.6285e-21  1.7758e-21    5987.92   35021.87  1050656.04 1.4610e+22    1.00   sub
 183   3   8  10  1.20e+22   9.889     3.2375   0.2500   3.8036     4.369  2.509e+21     1.209      1    0  1.4930e-20  3.4176e-21  1.4570e-21   11222.09   42684.40  1280531.94 1.3261e+22    1.21   sub
 184   3   9   7  1.20e+22   9.015     7.6324   0.0572  57.2318  1918.718  1.512e+22     2.260      1    1  4.5256e-19  2.3587e-22  5.5838e-22    1946.14  111381.33  3341439.83 2.0486e+22    1.69  deep
 185   3   9   8  1.20e+22   9.326     7.6324   0.0936  31.5428   594.680  1.031e+22     1.860      1    1  1.8132e-19  3.0491e-22  6.3053e-22    3127.07   98636.73  2959101.98 1.7420e+22    1.57  deep
 186   3   9   9  1.20e+22   9.596     7.6324   0.1529  15.8101   128.941  6.359e+21     1.530      1    1  6.5413e-20  5.0731e-22  7.4487e-22    5281.14   83495.15  2504854.51 1.5239e+22    1.27  deep
 187   3   9  10  1.20e+22   9.800     7.6324   0.2500   8.4014    27.068  3.622e+21     1.302      1    0  2.2173e-20  8.1914e-22  8.0753e-22    9167.10   77016.88  2310506.27 1.3823e+22    1.03 super
 188   3  10   9  1.20e+22   9.567    17.9932   0.1529  47.8727  1364.647  6.759e+21     1.563      1    1  7.0894e-20  5.1950e-23  2.5648e-22    5065.30  242489.51  7274685.23 1.5453e+22    1.67  deep
 189   3  10  10  1.20e+22   9.760    17.9932   0.2500  25.1084   367.476  4.138e+21     1.345      1    1  2.5942e-20  7.0596e-23  2.9287e-22    8457.54  212355.75  6370672.62 1.4087e+22    1.48  deep
 190   4   1   1  2.40e+22   7.585     0.0080   0.0030   1.6164     1.472  1.050e+21     1.044      0    0  2.5998e-17  1.7663e-17  3.2672e-19     235.53     380.72    11421.46 5.2010e+22    4.56   sub
 191   4   1   2  2.40e+22   8.130     0.0080   0.0049   1.1813     1.243  1.031e+21     1.043      0    0  5.9925e-18  4.8204e-18  2.0733e-19     507.88     599.94    17998.23 3.4759e+22    9.68   sub
 192   4   1   3  2.40e+22   8.469     0.0080   0.0080   0.8842     1.134  9.812e+20     1.041      0    0  1.3318e-18  1.1748e-18  1.2795e-19    1099.55     972.17    29164.99 2.7995e+22   20.85   sub
 193   4   1   4  2.40e+22   8.620     0.0080   0.0131   0.6863     1.080  8.736e+20     1.036      0    0  3.2591e-19  3.0185e-19  8.0820e-20    2242.49    1539.06    46171.74 2.5573e+22   42.24   sub
 194   4   2   1  2.40e+22   7.107     0.0189   0.0030   2.8698     2.708  2.468e+21     1.103      1    0  5.6155e-17  2.0740e-17  2.7941e-19     155.12     445.18    13355.31 8.1885e+22    1.62   sub
 195   4   2   2  2.40e+22   7.690     0.0189   0.0049   1.9876     1.740  2.421e+21     1.101      1    0  1.3700e-17  7.8730e-18  1.9157e-19     326.67     649.30    19479.06 4.7821e+22    2.96   sub
 196   4   2   3  2.40e+22   8.194     0.0189   0.0080   1.4387     1.368  2.306e+21     1.096      0    0  3.2056e-18  2.3432e-18  1.2402e-19     697.12    1002.93    30087.84 3.3321e+22    5.96   sub
 197   4   2   4  2.40e+22   8.492     0.0189   0.0131   1.0809     1.202  2.042e+21     1.085      0    0  7.5141e-19  6.2504e-19  7.8503e-20    1465.86    1584.49    47534.67 2.7603e+22   12.17   sub
 198   4   2   5  2.40e+22   8.634     0.0189   0.0214   0.8271     1.117  1.529e+21     1.064      0    0  1.7336e-19  1.5526e-19  4.8870e-20    3077.17    2545.23    76357.05 2.5368e+22   25.04   sub
 199   4   2   6  2.40e+22   8.694     0.0189   0.0350   0.6328     1.068  8.282e+20     1.035      0    0  3.7461e-20  3.5088e-20  2.9592e-20    6642.78    4203.41   126102.45 2.4496e+22   53.23   sub
 200   4   3   1  2.40e+22   6.828     0.0445   0.0030   5.8116    10.927  5.735e+21     1.239      1    0  9.3898e-17  8.5931e-18  1.8202e-19     117.59     683.36    20500.67 1.1762e+23    1.00   sub
 201   4   3   2  2.40e+22   7.257     0.0445   0.0049   3.6765     4.098  5.626e+21     1.234      1    0  2.7759e-17  6.7740e-18  1.5176e-19     222.94     819.64    24589.23 6.9976e+22    1.24   sub
 202   4   3   3  2.40e+22   7.795     0.0445   0.0080   2.4849     2.223  5.355e+21     1.223      1    0  7.2187e-18  3.2479e-18  1.1047e-19     453.11    1125.93    33778.00 4.4081e+22    1.99   sub
 203   4   3   4  2.40e+22   8.252     0.0445   0.0131   1.7722     1.576  4.726e+21     1.197      1    0  1.7304e-18  1.0982e-18  7.3712e-20     952.19    1687.46    50623.81 3.2079e+22    3.73   sub
 204   4   3   5  2.40e+22   8.522     0.0445   0.0214   1.3129     1.303  3.511e+21     1.146      1    0  3.9761e-19  3.0507e-19  4.6934e-20    2018.71    2650.26    79507.83 2.7105e+22    7.43   sub
 205   4   3   6  2.40e+22   8.647     0.0445   0.0350   0.9989     1.172  1.958e+21     1.082      0    0  9.1699e-20  7.8258e-20  2.9409e-20    4234.08    4229.54   126886.12 2.5184e+22   14.99   sub
 206   4   3   7  2.40e+22   8.698     0.0445   0.0572   0.7670     1.100  8.333e+20     1.035      0    0  2.0655e-20  1.8778e-20  1.8123e-20    8947.93    6863.45   205903.36 2.4442e+22   30.88   sub
 207   4   3   8  2.40e+22   8.717     0.0445   0.0936   0.6007     1.061  3.382e+20     1.014      0    1  5.0117e-21  4.7242e-21  1.1386e-20   18185.29   10924.70   327740.97 2.4173e+22   61.78   sub
 208   4   4   1  2.40e+22   6.728     0.1048   0.0030  15.7669   128.109  1.241e+22     1.517      1    0  1.1901e-16  9.2900e-19  7.6096e-20     103.67    1634.59    49037.81 1.3968e+23    1.27  deep
 209   4   4   2  2.40e+22   7.026     0.1048   0.0049   8.1555    25.121  1.237e+22     1.516      1    0  4.0717e-17  1.6208e-18  8.4202e-20     181.13    1477.24    44317.14 8.9922e+22    1.02 super
 210   4   4   3  2.40e+22   7.447     0.1048   0.0080   4.7954     7.039  1.182e+22     1.493      1    0  1.2826e-17  1.8223e-18  7.8069e-20     332.25    1593.28    47798.34 5.8538e+22    1.05   sub
 211   4   4   4  2.40e+22   7.916     0.1048   0.0131   3.1517     3.132  1.046e+22     1.436      1    0  3.6548e-18  1.1668e-18  6.1500e-20     641.73    2022.54    60676.15 4.0316e+22    1.44   sub
 212   4   4   5  2.40e+22   8.313     0.1048   0.0214   2.2036     1.931  7.822e+21     1.326      1    0  9.1388e-19  4.7322e-19  4.2923e-20    1315.06    2897.88    86936.30 3.0853e+22    2.44   sub
 213   4   4   6  2.40e+22   8.548     0.1048   0.0350   1.6130     1.470  4.415e+21     1.184      1    0  2.1431e-19  1.4581e-19  2.8004e-20    2753.78    4441.72   133251.49 2.6695e+22    4.58   sub
 214   4   4   7  2.40e+22   8.657     0.1048   0.0572   1.2168     1.259  1.943e+21     1.081      0    0  4.9593e-20  3.9401e-20  1.7745e-20    5760.81    7009.85   210295.43 2.5036e+22    8.98   sub
 215   4   4   8  2.40e+22   8.702     0.1048   0.0936   0.9321     1.149  7.684e+20     1.032      0    1  1.1370e-20  9.8960e-21  1.1062e-20   12062.60   11244.00   337320.00 2.4393e+22   18.06   sub
 216   4   4   9  2.40e+22   8.719     0.1048   0.1529   0.7233     1.089  2.984e+20     1.012      0    1  2.6655e-21  2.4483e-21  6.8955e-21   24938.28   18038.66   541159.76 2.4150e+22   36.41   sub
 217   4   4  10  2.40e+22   8.726     0.1048   0.2500   0.5668     1.054  1.167e+20     1.005      0    1  6.4248e-22  6.0950e-22  4.3189e-21   50814.90   28800.37   864011.01 2.4058e+22   73.06   sub
 218   4   5   1  2.40e+22   6.701     0.2471   0.0030  47.7952  1360.389  1.866e+22     1.777      1    0  1.2883e-16  9.4700e-20  2.6169e-20      99.45    4753.15   142594.60 1.4720e+23    1.67  deep
 219   4   5   2  2.40e+22   6.946     0.2471   0.0049  24.5035   348.583  2.030e+22     1.846      1    0  4.7700e-17  1.3684e-19  3.0508e-20     166.39    4077.20   122316.08 9.9467e+22    1.47  deep
 220   4   5   3  2.40e+22   7.280     0.2471   0.0080  11.8310    63.822  2.093e+22     1.872      1    0  1.6668e-17  2.6116e-19  3.6483e-20     288.18    3409.44   102283.08 6.8360e+22    1.14 super
 221   4   5   4  2.40e+22   7.652     0.2471   0.0131   6.5768    14.721  1.933e+22     1.805      1    0  5.8317e-18  3.9616e-19  3.7866e-20     499.48    3284.93    98548.01 4.9263e+22    1.00 super
 222   4   5   5  2.40e+22   8.048     0.2471   0.0214   4.0972     5.054  1.507e+22     1.628      1    0  1.7775e-18  3.5174e-19  3.2721e-20     927.81    3801.48   114044.37 3.6744e+22    1.14   sub
 223   4   5   6  2.40e+22   8.377     0.2471   0.0350   2.7770     2.581  9.069e+21     1.378      1    0  4.6736e-19  1.8109e-19  2.4265e-20    1845.98    5126.21   153786.39 2.9635e+22    1.69   sub
 224   4   5   7  2.40e+22   8.573     0.2471   0.0572   1.9962     1.747  4.250e+21     1.177      1    0  1.1292e-19  6.4631e-20  1.6401e-20    3799.32    7584.10   227522.86 2.6290e+22    2.93   sub
 225   4   5   8  2.40e+22   8.666     0.2471   0.0936   1.4889     1.396  1.747e+21     1.073      0    0  2.6483e-20  1.8973e-20  1.0592e-20    7887.72   11743.82   352314.65 2.4896e+22    5.50   sub
 226   4   5   9  2.40e+22   8.705     0.2471   0.1529   1.1313     1.222  6.770e+20     1.028      0    1  6.0736e-21  4.9693e-21  6.6605e-21   16507.84   18675.21   560256.36 2.4341e+22   10.82   sub
 227   4   5  10  2.40e+22   8.721     0.2471   0.2500   0.8696     1.129  2.569e+20     1.011      0    1  1.3863e-21  1.2277e-21  4.1361e-21   34582.86   30073.42   902202.63 2.4129e+22   21.82   sub
 228   4   6   3  2.40e+22   7.222     0.5825   0.0080  36.8508   815.973  2.444e+22     2.018      1    0  1.8651e-17  2.2858e-20  1.2441e-20     271.32    9998.42   299952.59 7.2492e+22    1.62  deep
 229   4   6   4  2.40e+22   7.526     0.5825   0.0131  19.1150   200.541  2.448e+22     2.020      1    0  7.3602e-18  3.6702e-20  1.4758e-20     440.93    8428.39   252851.75 5.4645e+22    1.36  deep
 230   4   6   5  2.40e+22   7.882     0.5825   0.0214   9.4149    36.054  2.110e+22     1.879      1    0  2.4898e-18  6.9057e-20  1.7030e-20     775.80    7304.08   219122.43 4.1525e+22    1.06 super
 231   4   6   6  2.40e+22   8.191     0.5825   0.0350   5.4790     9.516  1.477e+22     1.615      1    0  8.0691e-19  8.4799e-20  1.6342e-20    1389.20    7611.37   228341.24 3.3387e+22    1.01   sub
 232   4   6   7  2.40e+22   8.442     0.5825   0.0572   3.5746     3.891  8.143e+21     1.339      1    0  2.3018e-19  5.9151e-20  1.3178e-20    2640.59    9438.95   283168.64 2.8466e+22    1.27   sub
 233   4   6   8  2.40e+22   8.597     0.5825   0.0936   2.5119     2.253  3.725e+21     1.155      1    0  5.9164e-20  2.6257e-20  9.4209e-21    5256.23   13203.25   396097.39 2.5921e+22    1.96   sub
 234   4   6   9  2.40e+22   8.675     0.5825   0.1529   1.8412     1.626  1.526e+21     1.064      0    0  1.4173e-20  8.7181e-21  6.2624e-21   10787.68   19862.44   595873.15 2.4771e+22    3.45   sub
 235   4   6  10  2.40e+22   8.708     0.5825   0.2500   1.3823     1.338  5.913e+20     1.025      0    1  3.2608e-21  2.4367e-21  3.9933e-21   22533.74   31148.91   934467.45 2.4297e+22    6.56   sub
 236   4   7   4  2.40e+22   7.522     1.3733   0.0131  53.4192  1683.552  2.564e+22     2.068      1    1  7.1752e-18  4.2619e-21  5.2155e-21     446.45   23849.20   715475.99 5.4842e+22    1.69  deep
 237   4   7   5  2.40e+22   7.813     1.3733   0.0214  28.5746   484.044  2.330e+22     1.971      1    1  2.8084e-18  5.8020e-21  5.9853e-21     727.29   20781.99   623459.75 4.3486e+22    1.53  deep
 238   4   7   6  2.40e+22   8.097     1.3733   0.0350  14.0294    96.867  1.799e+22     1.750      1    0  9.9572e-19  1.0279e-20  7.1306e-21    1243.39   17444.11   523323.22 3.5546e+22    1.21  deep
 239   4   7   7  2.40e+22   8.323     1.3733   0.0572   7.7551    22.143  1.192e+22     1.497      1    0  3.5397e-19  1.5986e-20  7.5859e-21    2114.36   16397.01   491910.34 3.0649e+22    1.01 super
 240   4   7   8  2.40e+22   8.507     1.3733   0.0936   4.7352     6.846  6.468e+21     1.269      1    0  1.0723e-19  1.5662e-20  6.7639e-21    3883.61   18389.63   551688.76 2.7364e+22    1.06   sub
 241   4   7   9  2.40e+22   8.621     1.3733   0.1529   3.2251     3.253  3.080e+21     1.128      1    0  3.0061e-20  9.2405e-21  5.2231e-21    7384.11   23814.67   714440.18 2.5561e+22    1.41   sub
 242   4   7  10  2.40e+22   8.684     1.3733   0.2500   2.2985     2.024  1.287e+21     1.054      0    0  7.3708e-21  3.6418e-21  3.6158e-21   14966.36   34400.78  1032023.29 2.4646e+22    2.26   sub
 243   4   8   6  2.40e+22   8.027     3.2375   0.0350  47.0128  1317.713  1.992e+22     1.830      1    1  1.2531e-18  9.5096e-22  2.3975e-21    1103.56   51881.48  1556444.35 3.7295e+22    1.67  deep
 244   4   8   7  2.40e+22   8.278     3.2375   0.0572  22.1944   280.600  1.346e+22     1.561      1    1  4.0197e-19  1.4325e-21  2.8323e-21    1978.72   43916.49  1317494.64 3.1544e+22    1.43  deep
 245   4   8   8  2.40e+22   8.446     3.2375   0.0936  11.3844    58.011  8.401e+21     1.350      1    1  1.4153e-19  2.4397e-21  3.2438e-21    3368.34   38346.46  1150393.69 2.8392e+22    1.13 super
 246   4   8   9  2.40e+22   8.565     3.2375   0.1529   6.5925    14.807  4.768e+21     1.199      1    1  4.7910e-20  3.2357e-21  3.2363e-21    5829.98   38434.19  1153025.65 2.6424e+22    1.00 super
 247   4   8  10  2.40e+22   8.646     3.2375   0.2500   4.2193     5.363  2.366e+21     1.099      0    1  1.4134e-20  2.6353e-21  2.7336e-21   10784.36   45502.39  1365071.57 2.5189e+22    1.12   sub
 248   4   9   8  2.40e+22   8.406     7.6324   0.0936  37.5641   847.915  9.664e+21     1.403      1    1  1.7691e-19  2.0864e-22  1.1017e-21    3005.69  112905.95  3387178.46 2.9097e+22    1.62  deep
 249   4   9   9  2.40e+22   8.530     7.6324   0.1529  18.8902   195.188  5.835e+21     1.243      1    1  6.1255e-20  3.1382e-22  1.2797e-21    5145.57   97200.74  2916022.14 2.6975e+22    1.35  deep
 250   4   9  10  2.40e+22   8.614     7.6324   0.2500   9.8005    39.882  3.311e+21     1.138      1    1  2.0464e-20  5.1311e-22  1.4187e-21    8946.01   87675.11  2630253.44 2.5667e+22    1.07 super
 251   4  10   9  2.40e+22   8.529    17.9932   0.1529  52.7585  1644.107  5.861e+21     1.244      1    1  5.9599e-20  3.6250e-23  4.5198e-22    5216.23  275200.23  8256007.01 2.6993e+22    1.69  deep
 252   4  10  10  2.40e+22   8.598    17.9932   0.2500  30.5989   558.447  3.774e+21     1.157      1    1  2.4343e-20  4.3590e-23  4.9605e-22    8194.86  250753.79  7522613.73 2.5906e+22    1.56  deep
 253   5   1   1  4.80e+22   7.179     0.0080   0.0030   1.6662     1.504  1.050e+21     1.022      0    0  2.5750e-17  1.7124e-17  6.4850e-19     230.23     383.61    11508.31 7.5757e+22    4.26   sub
 254   5   1   2  4.80e+22   7.443     0.0080   0.0049   1.2396     1.269  1.031e+21     1.021      0    0  5.9894e-18  4.7201e-18  4.1287e-19     486.09     602.54    18076.31 5.8727e+22    8.57   sub
 255   5   1   3  4.80e+22   7.583     0.0080   0.0080   0.9439     1.153  9.829e+20     1.020      0    0  1.3870e-18  1.2031e-18  2.5851e-19    1019.57     962.35    28870.41 5.2096e+22   17.46   sub
 256   5   1   4  4.80e+22   7.645     0.0080   0.0131   0.7286     1.090  8.718e+20     1.018      0    0  3.2175e-19  2.9518e-19  1.6064e-19    2125.40    1548.64    46459.10 4.9558e+22   35.67   sub
 257   5   2   1  4.80e+22   6.901     0.0189   0.0030   2.9342     2.799  2.467e+21     1.051      0    0  5.6276e-17  2.0104e-17  5.5526e-19     152.69     448.03    13440.89 1.0575e+23    1.57   sub
 258   5   2   2  4.80e+22   7.233     0.0189   0.0049   2.0645     1.805  2.420e+21     1.050      0    0  1.3677e-17  7.5772e-18  3.8003e-19     317.08     654.61    19638.36 7.1688e+22    2.75   sub
 259   5   2   3  4.80e+22   7.472     0.0189   0.0080   1.5151     1.411  2.304e+21     1.048      0    0  3.1942e-18  2.2640e-18  2.4620e-19     666.90    1010.46    30313.66 5.7263e+22    5.28   sub
 260   5   2   4  4.80e+22   7.597     0.0189   0.0131   1.1421     1.227  2.032e+21     1.042      0    0  7.3026e-19  5.9533e-19  1.5489e-19    1406.36    1606.17    48185.13 5.1526e+22   10.55   sub
 261   5   2   5  4.80e+22   7.650     0.0189   0.0214   0.8754     1.131  1.510e+21     1.031      0    0  1.6689e-19  1.4756e-19  9.6260e-20    2952.26    2584.37    77531.17 4.9332e+22   21.42   sub
 262   5   2   6  4.80e+22   7.671     0.0189   0.0350   0.6831     1.079  8.571e+20     1.018      0    1  4.0205e-20  3.7263e-20  6.0467e-20    6022.98    4114.16   123424.88 4.8519e+22   42.81   sub
 263   5   3   1  4.80e+22   6.724     0.0445   0.0030   5.8904    11.282  5.731e+21     1.119      1    0  9.2863e-17  8.2309e-18  3.5994e-19     117.33     691.14    20734.34 1.4063e+23    1.00   sub
 264   5   3   2  4.80e+22   6.996     0.0445   0.0049   3.7781     4.313  5.620e+21     1.117      1    0  2.7380e-17  6.3481e-18  2.9874e-19     220.41     832.74    24982.08 9.3304e+22    1.21   sub
 265   5   3   3  4.80e+22   7.290     0.0445   0.0080   2.5908     2.346  5.341e+21     1.111      1    0  7.0852e-18  3.0205e-18  2.1710e-19     442.30    1145.90    34376.99 6.7706e+22    1.87   sub
 266   5   3   4  4.80e+22   7.499     0.0445   0.0131   1.8726     1.649  4.704e+21     1.098      0    0  1.7085e-18  1.0359e-18  1.4543e-19     913.48    1710.62    51318.58 5.5966e+22    3.33   sub
 267   5   3   5  4.80e+22   7.608     0.0445   0.0214   1.3959     1.345  3.486e+21     1.073      0    0  3.9325e-19  2.9232e-19  9.2923e-20    1917.85    2677.20    80316.02 5.1069e+22    6.40   sub
 268   5   3   6  4.80e+22   7.654     0.0445   0.0350   1.0684     1.197  1.962e+21     1.041      0    0  9.2760e-20  7.7470e-20  5.8787e-20    3960.82    4231.78   126953.53 4.9189e+22   12.55   sub
 269   5   3   7  4.80e+22   7.673     0.0445   0.0572   0.8240     1.116  8.506e+20     1.018      0    1  2.1428e-20  1.9206e-20  3.6588e-20    8251.07    6799.27   203978.05 4.8452e+22   25.30   sub
 270   5   3   8  4.80e+22   7.681     0.0445   0.0936   0.6322     1.068  3.205e+20     1.007      0    1  4.6232e-21  4.3309e-21  2.2140e-20   17772.32   11236.19   337085.69 4.8164e+22   53.36   sub
 271   5   4   1  4.80e+22   6.655     0.1048   0.0030  16.0842   134.292  1.238e+22     1.258      1    0  1.1899e-16  8.8606e-19  1.4999e-19     103.12    1658.57    49757.16 1.6314e+23    1.28  deep
 272   5   4   2  4.80e+22   6.855     0.1048   0.0049   8.4061    27.107  1.233e+22     1.257      1    0  4.0277e-17  1.4859e-18  1.6452e-19     179.88    1512.12    45363.72 1.1298e+23    1.03 super
 273   5   4   3  4.80e+22   7.107     0.1048   0.0080   5.0054     7.741  1.175e+22     1.245      1    0  1.2642e-17  1.6332e-18  1.5202e-19     326.94    1636.44    49093.30 8.1877e+22    1.04   sub
 274   5   4   4  4.80e+22   7.351     0.1048   0.0131   3.3177     3.412  1.034e+22     1.215      1    0  3.5635e-18  1.0444e-18  1.1973e-19     626.26    2077.73    62331.79 6.3890e+22    1.36   sub
 275   5   4   5  4.80e+22   7.525     0.1048   0.0214   2.3414     2.068  7.702e+21     1.160      1    0  8.9553e-19  4.3312e-19  8.4062e-20    1263.97    2959.41    88782.23 5.4705e+22    2.20   sub
 276   5   4   6  4.80e+22   7.617     0.1048   0.0350   1.7264     1.544  4.380e+21     1.091      0    0  2.1459e-19  1.3899e-19  5.5470e-20    2597.84    4484.80   134543.89 5.0681e+22    3.95   sub
 277   5   4   7  4.80e+22   7.658     0.1048   0.0572   1.2985     1.296  1.917e+21     1.040      0    0  4.8918e-20  3.7733e-20  3.5116e-20    5455.73    7084.30   212528.89 4.9023e+22    7.63   sub
 278   5   4   8  4.80e+22   7.675     0.1048   0.0936   0.9961     1.171  7.655e+20     1.016      0    1  1.1352e-20  9.6965e-21  2.2030e-20   11337.31   11292.64   338779.13 4.8391e+22   15.11   sub
 279   5   4   9  4.80e+22   7.681     0.1048   0.1529   0.7666     1.100  2.894e+20     1.006      0    1  2.5508e-21  2.3192e-21  1.3562e-20   23927.39   18342.83   550284.79 4.8146e+22   30.93   sub
 280   5   4  10  4.80e+22   7.683     0.1048   0.2500   0.6010     1.061  1.137e+20     1.002      0    1  6.1895e-22  5.8341e-22  8.5205e-21   48581.19   29197.11   875913.35 4.8057e+22   61.70   sub
 281   5   5   1  4.80e+22   6.634     0.2471   0.0030  49.3052  1444.340  1.847e+22     1.385      1    0  1.3193e-16  9.1345e-20  5.1605e-20      97.77    4820.71   144621.38 1.7208e+23    1.68  deep
 282   5   5   2  4.80e+22   6.804     0.2471   0.0049  25.2635   372.390  1.999e+22     1.416      1    0  4.7062e-17  1.2638e-19  5.9393e-20     165.79    4188.56   125656.71 1.2224e+23    1.48  deep
 283   5   5   3  4.80e+22   7.011     0.2471   0.0080  12.6038    74.600  2.048e+22     1.427      1    0  1.6629e-17  2.2291e-19  6.9716e-20     283.12    3568.35   107050.64 9.1651e+22    1.17  deep
 284   5   5   4  4.80e+22   7.222     0.2471   0.0131   6.9955    17.133  1.881e+22     1.392      1    0  5.6709e-18  3.3100e-19  7.2269e-20     492.08    3442.30   103269.01 7.2439e+22    1.00 super
 285   5   5   5  4.80e+22   7.416     0.2471   0.0214   4.3535     5.722  1.451e+22     1.302      1    0  1.6931e-18  2.9590e-19  6.2617e-20     912.58    3972.92   119187.46 6.0176e+22    1.10   sub
 286   5   5   6  4.80e+22   7.551     0.2471   0.0350   2.9863     2.876  8.843e+21     1.184      1    0  4.6110e-19  1.6035e-19  4.7211e-20    1764.54    5269.42   158082.58 5.3516e+22    1.54   sub
 287   5   5   7  4.80e+22   7.627     0.2471   0.0572   2.1508     1.882  4.212e+21     1.088      0    0  1.1341e-19  6.0260e-20  3.2346e-20    3575.83    7690.95   230728.37 5.0276e+22    2.55   sub
 288   5   5   8  4.80e+22   7.662     0.2471   0.0936   1.5983     1.461  1.736e+21     1.036      0    1  2.6490e-20  1.8136e-20  2.0990e-20    7415.58   11852.23   355566.84 4.8891e+22    4.67   sub
 289   5   5   9  4.80e+22   7.676     0.2471   0.1529   1.2135     1.257  6.785e+20     1.014      0    1  6.1293e-21  4.8753e-21  1.3285e-20   15430.47   18725.18   561755.40 4.8342e+22    9.04   sub
 290   5   5  10  4.80e+22   7.681     0.2471   0.2500   0.9318     1.149  2.586e+20     1.005      0    1  1.4047e-21  1.2227e-21  8.2797e-21   32243.94   30045.97   901379.15 4.8130e+22   18.07   sub
 291   5   6   3  4.80e+22   6.965     0.5825   0.0080  40.6969   994.173  2.361e+22     1.492      1    1  1.9755e-17  1.9871e-20  2.3611e-20     258.90   10536.48   316094.54 9.7082e+22    1.64  deep
 292   5   6   4  4.80e+22   7.163     0.5825   0.0131  20.2102   227.585  2.339e+22     1.487      1    0  6.9331e-18  3.0464e-20  2.7773e-20     443.20    8957.23   268716.83 7.7066e+22    1.38  deep
 293   5   6   5  4.80e+22   7.339     0.5825   0.0214  10.2412    44.539  1.996e+22     1.416      1    0  2.3619e-18  5.3030e-20  3.1603e-20     768.63    7871.72   236151.67 6.4592e+22    1.09 super
 294   5   6   6  4.80e+22   7.480     0.5825   0.0350   5.9368    11.495  1.392e+22     1.290      1    0  7.5991e-19  6.6108e-20  3.0630e-20    1368.05    8121.79   243653.80 5.6852e+22    1.00   sub
 295   5   6   7  4.80e+22   7.580     0.5825   0.0572   3.8660     4.507  7.756e+21     1.162      1    0  2.1964e-19  4.8729e-20  2.5121e-20    2561.49    9902.80   297084.10 5.2259e+22    1.19   sub
 296   5   6   8  4.80e+22   7.637     0.5825   0.0936   2.7201     2.506  3.643e+21     1.076      0    0  5.8415e-20  2.3306e-20  1.8345e-20    4985.51   13560.93   406828.01 4.9881e+22    1.74   sub
 297   5   6   9  4.80e+22   7.665     0.5825   0.1529   1.9795     1.734  1.498e+21     1.031      0    1  1.3945e-20  8.0444e-21  1.2293e-20   10222.76   20236.42   607092.58 4.8757e+22    2.98   sub
 298   5   6  10  4.80e+22   7.677     0.5825   0.2500   1.4855     1.394  5.898e+20     1.012      0    1  3.2738e-21  2.3485e-21  7.9309e-21   21115.16   31367.53   941025.93 4.8296e+22    5.53   sub
 299   5   7   4  4.80e+22   7.158     1.3733   0.0131  56.5946  1878.521  2.445e+22     1.509      1    1  6.8578e-18  3.6506e-21  9.8671e-21     445.49   25212.32   756369.55 7.7431e+22    1.69  deep
 300   5   7   5  4.80e+22   7.307     1.3733   0.0214  31.7985   604.658  2.201e+22     1.459      1    1  2.7294e-18  4.5139e-21  1.0966e-20     713.44   22686.25   680587.59 6.6614e+22    1.57  deep
 301   5   7   6  4.80e+22   7.437     1.3733   0.0350  16.2132   136.848  1.702e+22     1.355      1    1  9.8020e-19  7.1627e-21  1.2775e-20    1201.08   19473.34   584200.24 5.9051e+22    1.28  deep
 302   5   7   7  4.80e+22   7.539     1.3733   0.0572   8.5087    27.946  1.092e+22     1.228      1    1  3.2000e-19  1.1451e-20  1.3815e-20    2116.39   18007.71   540231.20 5.4082e+22    1.03 super
 303   5   7   8  4.80e+22   7.605     1.3733   0.0936   5.2307     8.552  6.118e+21     1.127      1    1  1.0226e-19  1.1958e-20  1.2648e-20    3760.23   19668.60   590058.07 5.1186e+22    1.02   sub
 304   5   7   9  4.80e+22   7.646     1.3733   0.1529   3.5147     3.774  2.953e+21     1.062      0    1  2.8947e-20  7.6690e-21  9.9878e-21    7086.74   24907.67   747230.09 4.9497e+22    1.29   sub
 305   5   7  10  4.80e+22   7.668     1.3733   0.2500   2.4953     2.234  1.267e+21     1.026      0    1  7.3368e-21  3.2836e-21  7.0723e-21   14096.64   35175.79  1055273.62 4.8636e+22    1.98   sub
 306   5   8   6  4.80e+22   7.420     3.2375   0.0350  49.8327  1474.161  1.814e+22     1.378      1    1  1.0959e-18  7.4341e-22  4.3999e-21    1134.59   56539.97  1696199.11 5.9962e+22    1.68  deep
 307   5   8   7  4.80e+22   7.518     3.2375   0.0572  25.8369   390.807  1.252e+22     1.261      1    1  3.8323e-19  9.8062e-22  4.9857e-21    1931.24   49897.06  1496911.79 5.5046e+22    1.49  deep
 308   5   8   8  4.80e+22   7.584     3.2375   0.0936  13.1686    83.053  7.755e+21     1.162      1    1  1.3226e-19  1.5925e-21  5.7214e-21    3301.89   43481.25  1304437.38 5.2059e+22    1.19  deep
 309   5   8   9  4.80e+22   7.628     3.2375   0.1529   7.4355    19.934  4.423e+21     1.092      0    1  4.4689e-20  2.2419e-21  5.8733e-21    5696.57   42356.82  1270704.58 5.0249e+22    1.01 super
 310   5   8  10  4.80e+22   7.656     3.2375   0.2500   4.6792     6.672  2.250e+21     1.047      0    1  1.3569e-20  2.0338e-21  5.1332e-21   10357.14   48463.33  1453899.86 4.9131e+22    1.06   sub
 311   5   9   8  4.80e+22   7.573     7.6324   0.0936  42.0892  1062.244  8.651e+21     1.180      1    1  1.5659e-19  1.4742e-22  1.9493e-21    3032.23  127624.06  3828721.69 5.2559e+22    1.65  deep
 312   5   9   9  4.80e+22   7.618     7.6324   0.1529  21.5350   262.415  5.187e+21     1.108      1    1  5.3737e-20  2.0478e-22  2.2251e-21    5191.63  111801.50  3354044.89 5.0644e+22    1.41  deep
 313   5   9  10  4.80e+22   7.646     7.6324   0.2500  11.0861    54.302  2.955e+21     1.062      0    1  1.8013e-20  3.3171e-22  2.4978e-21    8983.86   99596.16  2987884.66 4.9488e+22    1.12 super
 314   5  10   9  4.80e+22   7.617    17.9932   0.1529  59.8517  2087.728  5.238e+21     1.109      1    1  5.3269e-20  2.5515e-23  7.9716e-22    5214.11  312073.15  9362194.44 5.0677e+22    1.70  deep
 315   5  10  10  4.80e+22   7.642    17.9932   0.2500  34.9659   734.046  3.329e+21     1.069      0    1  2.1238e-20  2.8933e-23  8.6021e-22    8270.89  289199.44  8675983.21 4.9682e+22    1.60  deep
 316   6   1   1  9.60e+22   6.796     0.0080   0.0030   1.7247     1.543  1.050e+21     1.011      0    0  2.6037e-17  1.6877e-17  1.2950e-18     222.77     384.21    11526.24 1.2387e+23    3.95   sub
 317   6   1   2  9.60e+22   6.895     0.0080   0.0049   1.2901     1.292  1.030e+21     1.011      0    0  5.9159e-18  4.5775e-18  8.1930e-19     470.74     607.28    18218.49 1.0661e+23    7.76   sub
 318   6   1   3  9.60e+22   6.941     0.0080   0.0080   0.9887     1.168  9.826e+20     1.010      0    0  1.3831e-18  1.1840e-18  5.1516e-19     976.83     965.82    28974.49 1.0008e+23   15.41   sub
 319   6   1   4  9.60e+22   6.961     0.0080   0.0131   0.7583     1.098  8.659e+20     1.009      0    1  3.0603e-19  2.7880e-19  3.1551e-19    2079.65    1576.93    47308.03 9.7505e+22   31.89   sub
 320   6   2   1  9.60e+22   6.682     0.0189   0.0030   2.9991     2.895  2.466e+21     1.026      0    0  5.5808e-17  1.9280e-17  1.0995e-18     150.88     452.51    13575.37 1.5321e+23    1.53   sub
 321   6   2   2  9.60e+22   6.817     0.0189   0.0049   2.1462     1.878  2.420e+21     1.025      0    0  1.3765e-17  7.3304e-18  7.5546e-19     306.86     658.60    19757.96 1.1967e+23    2.56   sub
 322   6   2   3  9.60e+22   6.904     0.0189   0.0080   1.5875     1.454  2.303e+21     1.024      0    0  3.2125e-18  2.2095e-18  4.9031e-19     639.23    1014.75    30442.40 1.0526e+23    4.75   sub
 323   6   2   4  9.60e+22   6.945     0.0189   0.0131   1.2031     1.253  2.035e+21     1.021      0    0  7.4364e-19  5.9366e-19  3.1033e-19    1332.57    1603.28    48098.28 9.9559e+22    9.24   sub
 324   6   2   5  9.60e+22   6.963     0.0189   0.0214   0.9223     1.146  1.514e+21     1.016      0    1  1.6942e-19  1.4787e-19  1.9299e-19    2795.29    2578.16    77344.66 9.7343e+22   18.58   sub
 325   6   2   6  9.60e+22   6.969     0.0189   0.0350   0.7176     1.087  8.553e+20     1.009      0    1  4.0146e-20  3.6924e-20  1.2069e-19    5745.06    4122.57   123677.07 9.6518e+22   37.24   sub
 326   6   3   1  9.60e+22   6.604     0.0445   0.0030   5.9836    11.713  5.727e+21     1.060      0    0  9.1576e-17  7.8185e-18  7.1014e-19     117.09     700.63    21018.79 1.8744e+23    1.00   sub
 327   6   3   2  9.60e+22   6.726     0.0445   0.0049   3.8797     4.538  5.610e+21     1.058      0    0  2.6664e-17  5.8755e-18  5.8561e-19     218.99     849.63    25488.77 1.4027e+23    1.19   sub
 328   6   3   3  9.60e+22   6.840     0.0445   0.0080   2.7105     2.494  5.332e+21     1.056      0    0  7.0980e-18  2.8459e-18  4.2886e-19     428.03    1160.16    34804.94 1.1559e+23    1.75   sub
 329   6   3   4  9.60e+22   6.914     0.0445   0.0131   1.9637     1.721  4.685e+21     1.049      0    0  1.6897e-18  9.8200e-19  2.8726e-19     882.02    1732.04    51961.21 1.0387e+23    3.03   sub
 330   6   3   5  9.60e+22   6.949     0.0445   0.0214   1.4723     1.387  3.485e+21     1.036      0    0  3.9757e-19  2.8674e-19  1.8538e-19    1822.96    2683.92    80517.69 9.9080e+22    5.64   sub
 331   6   3   6  9.60e+22   6.964     0.0445   0.0350   1.1218     1.218  1.944e+21     1.020      0    1  9.1669e-20  7.5239e-20  1.1670e-19    3800.51    4263.49   127904.65 9.7177e+22   11.05   sub
 332   6   3   7  9.60e+22   6.970     0.0445   0.0572   0.8631     1.127  8.373e+20     1.009      0    1  2.0950e-20  1.8585e-20  7.2477e-20    7953.33    6864.84   205945.08 9.6445e+22   22.27   sub
 333   6   3   8  9.60e+22   6.972     0.0445   0.0936   0.6717     1.076  3.336e+20     1.003      0    1  4.9252e-21  4.5760e-21  4.5151e-20   16405.60   11019.67   330590.13 9.6170e+22   44.90   sub
 334   6   4   1  9.60e+22   6.571     0.1048   0.0030  16.4423   141.443  1.234e+22     1.129      1    0  1.1875e-16  8.3952e-19  2.9501e-19     102.57    1686.55    50596.50 2.1039e+23    1.29  deep
 335   6   4   2  9.60e+22   6.664     0.1048   0.0049   8.6742    29.334  1.226e+22     1.128      1    0  3.9473e-17  1.3456e-18  3.2016e-19     179.16    1554.07    46622.01 1.5965e+23    1.04 super
 336   6   4   3  9.60e+22   6.771     0.1048   0.0080   5.2329     8.560  1.166e+22     1.122      1    0  1.2406e-17  1.4494e-18  2.9516e-19     322.14    1685.69    50570.68 1.2912e+23    1.02   sub
 337   6   4   4  9.60e+22   6.863     0.1048   0.0131   3.4972     3.741  1.025e+22     1.107      1    0  3.5282e-18  9.4313e-19  2.3394e-19     608.14    2126.78    63803.32 1.1162e+23    1.30   sub
 338   6   4   5  9.60e+22   6.923     0.1048   0.0214   2.4748     2.211  7.629e+21     1.079      0    0  8.9344e-19  4.0404e-19  1.6564e-19    1213.74    3003.72    90111.66 1.0264e+23    2.01   sub
 339   6   4   6  9.60e+22   6.952     0.1048   0.0350   1.8203     1.610  4.330e+21     1.045      0    0  2.1290e-19  1.3222e-19  1.0970e-19    2491.71    4535.65   136069.59 9.8653e+22    3.53   sub
 340   6   4   7  9.60e+22   6.965     0.1048   0.0572   1.3699     1.332  1.913e+21     1.020      0    1  4.9094e-20  3.6864e-20  6.9933e-20    5193.68    7114.59   213437.72 9.7022e+22    6.70   sub
 341   6   4   8  9.60e+22   6.970     0.1048   0.0936   1.0493     1.190  7.656e+20     1.008      0    1  1.1397e-20  9.5761e-21  4.3971e-20   10783.42   11315.30   339459.07 9.6392e+22   13.16   sub
 342   6   4   9  9.60e+22   6.972     0.1048   0.1529   0.8113     1.112  2.960e+20     1.003      0    1  2.6444e-21  2.3779e-21  2.7392e-20   22389.82   18164.11   544923.38 9.6149e+22   26.42   sub
 343   6   4  10  9.60e+22   6.973     0.1048   0.2500   0.6243     1.066  1.086e+20     1.001      0    1  5.7831e-22  5.4260e-22  1.6645e-20   47880.23   29892.41   896772.37 9.6054e+22   55.32   sub
 344   6   5   1  9.60e+22   6.560     0.2471   0.0030  50.9353  1537.301  1.826e+22     1.190      1    1  1.3512e-16  8.7895e-20  1.0167e-19      96.08    4893.75   146812.50 2.2093e+23    1.68  deep
 345   6   5   2  9.60e+22   6.644     0.2471   0.0049  25.5799   382.506  1.966e+22     1.205      1    0  4.4695e-17  1.1685e-19  1.1570e-19     168.12    4300.40   129011.99 1.6752e+23    1.49  deep
 346   6   5   3  9.60e+22   6.734     0.2471   0.0080  13.2175    83.807  1.996e+22     1.208      1    0  1.5994e-17  1.9084e-19  1.3305e-19     282.93    3739.67   112189.98 1.3807e+23    1.19  deep
 347   6   5   4  9.60e+22   6.818     0.2471   0.0131   7.4171    19.811  1.823e+22     1.190      1    0  5.4498e-18  2.7509e-19  1.3754e-19     487.72    3617.50   108524.95 1.1947e+23    1.01 super
 348   6   5   5  9.60e+22   6.887     0.2471   0.0214   4.6512     6.585  1.411e+22     1.147      1    0  1.6650e-18  2.5285e-19  1.2063e-19     886.78    4124.57   123737.17 1.0787e+23    1.07   sub
 349   6   5   6  9.60e+22   6.932     0.2471   0.0350   3.1705     3.163  8.612e+21     1.090      0    0  4.5185e-19  1.4286e-19  9.1887e-20    1707.84    5414.77   162443.02 1.0138e+23    1.43   sub
 350   6   5   7  9.60e+22   6.956     0.2471   0.0572   2.2741     2.000  4.128e+21     1.043      0    1  1.1142e-19  5.5724e-20  6.3506e-20    3445.12    7834.61   235038.25 9.8233e+22    2.31   sub
 351   6   5   8  9.60e+22   6.966     0.2471   0.0936   1.6884     1.518  1.722e+21     1.018      0    1  2.6384e-20  1.7377e-20  4.1592e-20    7085.25   11962.59   358877.68 9.6884e+22    4.14   sub
 352   6   5   9  9.60e+22   6.971     0.2471   0.1529   1.2740     1.285  6.660e+20     1.007      0    1  5.9856e-21  4.6589e-21  2.6246e-20   14880.20   18957.02   568710.68 9.6336e+22    8.00   sub
 353   6   5  10  9.60e+22   6.973     0.2471   0.2500   0.9818     1.166  2.590e+20     1.003      0    1  1.4125e-21  1.2116e-21  1.6541e-20   30635.75   30079.47   902384.18 9.6130e+22   15.70   sub
 354   6   6   3  9.60e+22   6.719     0.5825   0.0080  41.0214  1009.870  2.285e+22     1.238      1    1  1.7979e-17  1.7803e-20  4.5501e-20     266.56   10934.82   328044.48 1.4200e+23    1.64  deep
 355   6   6   4  9.60e+22   6.798     0.5825   0.0131  21.4546   260.238  2.229e+22     1.232      1    1  6.5159e-18  2.5038e-20  5.2071e-20     445.37    9555.18   286655.45 1.2350e+23    1.41  deep
 356   6   6   5  9.60e+22   6.861     0.5825   0.0214  11.2204    55.955  1.899e+22     1.198      1    1  2.2835e-18  4.0809e-20  5.8667e-20     755.84    8480.83   254424.96 1.1188e+23    1.12 super
 357   6   6   6  9.60e+22   6.909     0.5825   0.0350   6.4541    14.060  1.332e+22     1.139      1    1  7.3806e-19  5.2494e-20  5.7783e-20    1334.12    8610.55   258316.49 1.0451e+23    1.00  crit
 358   6   6   7  9.60e+22   6.941     0.5825   0.0572   4.1634     5.220  7.533e+21     1.078      0    1  2.1627e-19  4.1433e-20  4.8378e-20    2470.22   10284.60   308537.88 1.0015e+23    1.13   sub
 359   6   6   8  9.60e+22   6.959     0.5825   0.0936   2.8951     2.743  3.554e+21     1.037      0    1  5.7270e-20  2.0877e-20  3.5755e-20    4806.47   13915.32   417459.49 9.7837e+22    1.60   sub
 360   6   6   9  9.60e+22   6.967     0.5825   0.1529   2.1034     1.839  1.491e+21     1.016      0    1  1.4005e-20  7.6150e-21  2.4322e-20    9725.51   20456.64   613699.25 9.6753e+22    2.65   sub
 361   6   6  10  9.60e+22   6.971     0.5825   0.2500   1.5691     1.443  5.858e+20     1.006      0    1  3.2628e-21  2.2615e-21  1.5733e-20   20154.90   31624.09   948722.79 9.6294e+22    4.87   sub
 362   6   7   4  9.60e+22   6.796     1.3733   0.0131  59.7593  2081.665  2.323e+22     1.242      1    1  6.4760e-18  3.1110e-21  1.8639e-20     446.68   26693.07   800792.15 1.2388e+23    1.70  deep
 363   6   7   5  9.60e+22   6.852     1.3733   0.0214  34.3858   709.562  2.068e+22     1.215      1    1  2.5571e-18  3.6038e-21  2.0272e-20     713.76   24543.18   736295.37 1.1347e+23    1.60  deep
 364   6   7   6  9.60e+22   6.896     1.3733   0.0350  18.2150   179.532  1.605e+22     1.167      1    1  9.4301e-19  5.2526e-21  2.3166e-20    1179.12   21477.78   644333.28 1.0648e+23    1.33  deep
 365   6   7   7  9.60e+22   6.929     1.3733   0.0572   9.3487    35.419  1.024e+22     1.107      1    1  3.0027e-19  8.4777e-21  2.5408e-20    2094.66   19582.37   587471.03 1.0170e+23    1.06 super
 366   6   7   8  9.60e+22   6.950     1.3733   0.0936   5.6734    10.324  5.808e+21     1.060      0    1  9.7386e-20  9.4332e-21  2.3809e-20    3683.42   20897.39   626921.80 9.9026e+22    1.01   sub
 367   6   7   9  9.60e+22   6.962     1.3733   0.1529   3.7665     4.288  2.846e+21     1.030      0    1  2.7976e-20  6.5243e-21  1.9205e-20    6878.46   25907.50   777224.90 9.7443e+22    1.21   sub
 368   6   7  10  9.60e+22   6.969     1.3733   0.2500   2.6586     2.428  1.245e+21     1.013      0    1  7.2472e-21  2.9843e-21  1.3841e-20   13520.90   35946.08  1078382.41 9.6625e+22    1.80   sub
 369   6   8   6  9.60e+22   6.892     3.2375   0.0350  53.7768  1705.062  1.680e+22     1.175      1    1  1.0049e-18  5.8938e-22  8.1023e-21    1141.90   61408.01  1842240.31 1.0705e+23    1.69  deep
 370   6   8   7  9.60e+22   6.924     3.2375   0.0572  28.1141   467.758  1.142e+22     1.119      1    1  3.4267e-19  7.3259e-22  9.0290e-21    1960.06   55105.27  1653158.10 1.0241e+23    1.53  deep
 371   6   8   8  9.60e+22   6.944     3.2375   0.0936  14.5144   105.138  7.098e+21     1.074      0    1  1.1965e-19  1.1380e-21  1.0319e-20    3321.90   48215.48  1446464.51 9.9713e+22    1.23  deep
 372   6   8   9  9.60e+22   6.957     3.2375   0.1529   8.1571    25.134  4.115e+21     1.043      0    1  4.1439e-20  1.6488e-21  1.0796e-20    5649.62   46084.62  1382538.58 9.8093e+22    1.02 super
 373   6   8  10  9.60e+22   6.965     3.2375   0.2500   5.0546     7.913  2.129e+21     1.022      0    1  1.2827e-20  1.6210e-21  9.6877e-21   10160.71   51358.38  1540751.29 9.7071e+22    1.03   sub
 374   6   9   8  9.60e+22   6.939     7.6324   0.0936  49.5312  1457.088  8.330e+21     1.087      0    1  1.5955e-19  1.0950e-22  3.4933e-21    2875.51  142427.61  4272828.36 1.0041e+23    1.68  deep
 375   6   9   9  9.60e+22   6.954     7.6324   0.1529  24.0998   336.224  4.740e+21     1.049      0    1  4.8867e-20  1.4534e-22  3.9690e-21    5201.62  125358.01  3760740.38 9.8416e+22    1.46  deep
 376   6   9  10  9.60e+22   6.962     7.6324   0.2500  12.5616    73.987  2.759e+21     1.029      0    1  1.6973e-20  2.2940e-22  4.4850e-21    8831.26  110934.63  3328038.97 9.7389e+22    1.17  deep
 377   6  10  10  9.60e+22   6.961    17.9932   0.2500  39.7438   948.658  3.076e+21     1.032      0    1  1.9864e-20  2.0939e-23  1.5337e-21    8162.50  324408.80  9732263.88 9.7555e+22    1.64  deep
